1.00 0.0200 0.564      h1      1   8.1815390E-09  3.2919932E-08  2.4738393E-08  7.5504431E-08  5.6745975E-08  1.2403737E-01
1.00 0.0200 0.564      h1      1  -3.9796876E-43 -3.9796876E-43  0.0000000E+00 -9.1224530E-43  0.0000000E+00  0.0000000E+00
1.00 0.0200 0.564      h1      1  -8.1048310E-03  2.9179156E-01  2.9989639E-01  6.6924673E-01  6.8791503E-01 -1.1948545E-02
1.00 0.0200 0.564      h2      2   1.1862846E-18  1.1862846E-18  0.0000000E+00  2.7208363E-18  0.0000000E+00  0.0000000E+00
1.00 0.0200 0.564     he3      3   1.3540545E-04  1.3540545E-04  0.0000000E+00  3.1056299E-04  0.0000000E+00  0.0000000E+00
1.00 0.0200 0.564     he4      4   7.9379827E-03  1.3571687E-01  1.2777889E-01  3.1127724E-01  2.9310462E-01  2.6124727E-02
1.00 0.0200 0.564     li7      7   1.5897970E-09  2.4030611E-09  8.1326418E-10  5.5116081E-09  1.8655000E-09  4.7048306E-01
1.00 0.0200 0.564     be7      7   4.0740918E-12  4.0740918E-12  0.0000000E+00  9.3442476E-12  0.0000000E+00  0.0000000E+00
1.00 0.0200 0.564      b8      8   2.6669912E-27  2.6669912E-27  0.0000000E+00  6.1169523E-27  0.0000000E+00  0.0000000E+00
1.00 0.0200 0.564     c12     12  -1.7504650E-04  1.1481456E-03  1.3231921E-03  2.6333616E-03  3.0351942E-03 -6.1675999E-02
1.00 0.0200 0.564     c13     13   2.4790019E-05  4.0714811E-05  1.5924792E-05  9.3382594E-05  3.6528963E-05  4.0762857E-01
1.00 0.0200 0.564     c14     14   7.3434625E-28  7.3434625E-28  0.0000000E+00  1.6842804E-27  0.0000000E+00  0.0000000E+00
1.00 0.0200 0.564     n13     13   0.0000000E+00  0.0000000E+00  0.0000000E+00  0.0000000E+00  0.0000000E+00  0.0000000E+00
1.00 0.0200 0.564     n14     14   1.7964171E-04  6.6175999E-04  4.8211828E-04  1.5177982E-03  1.1059034E-03  1.3749683E-01
1.00 0.0200 0.564     n15     15  -5.1349150E-07  1.3904925E-06  1.9039840E-06  3.1892030E-06  4.3674390E-06 -1.3654470E-01
1.00 0.0200 0.564     o14     14   0.0000000E+00  0.0000000E+00  0.0000000E+00  0.0000000E+00  0.0000000E+00  0.0000000E+00
1.00 0.0200 0.564     o15     15   0.0000000E+00  0.0000000E+00  0.0000000E+00  0.0000000E+00  0.0000000E+00  0.0000000E+00
1.00 0.0200 0.564     o16     16  -1.7881393E-06  4.1855187E-03  4.1873069E-03  9.5998142E-03  9.6050221E-03 -2.3554852E-04
1.00 0.0200 0.564     o17     17   3.2149580E-07  2.0178913E-06  1.6963955E-06  4.6281912E-06  3.8912640E-06  7.5320609E-02
1.00 0.0200 0.564     o18     18  -4.2341981E-07  9.0335270E-06  9.4569468E-06  2.0719099E-05  2.1692746E-05 -1.9943675E-02
1.00 0.0200 0.564     o19     19   0.0000000E+00  0.0000000E+00  0.0000000E+00  0.0000000E+00  0.0000000E+00  0.0000000E+00
1.00 0.0200 0.564     f17     17   0.0000000E+00  0.0000000E+00  0.0000000E+00  0.0000000E+00  0.0000000E+00  0.0000000E+00
1.00 0.0200 0.564     f18     18   0.0000000E+00  0.0000000E+00  0.0000000E+00  0.0000000E+00  0.0000000E+00  0.0000000E+00
1.00 0.0200 0.564     f19     19   1.8543744E-10  1.7698856E-07  1.7680313E-07  4.0593707E-07  4.0555850E-07  4.0523693E-04
1.00 0.0200 0.564     f20     20   0.0000000E+00  0.0000000E+00  0.0000000E+00  0.0000000E+00  0.0000000E+00  0.0000000E+00
1.00 0.0200 0.564    ne19     19   0.0000000E+00  0.0000000E+00  0.0000000E+00  0.0000000E+00  0.0000000E+00  0.0000000E+00
1.00 0.0200 0.564    ne20     20   1.0652002E-08  7.0681813E-04  7.0680748E-04  1.6211425E-03  1.6213050E-03 -4.3542383E-05
1.00 0.0200 0.564    ne21     21   1.1235670E-09  1.8026749E-06  1.8015513E-06  4.1345756E-06  4.1324747E-06  2.2075120E-04
1.00 0.0200 0.564    ne22     22  -1.3169847E-07  5.6710269E-05  5.6841967E-05  1.3006943E-04  1.3038651E-04 -1.0574339E-03
1.00 0.0200 0.564    ne23     23   0.0000000E+00  0.0000000E+00  0.0000000E+00  0.0000000E+00  0.0000000E+00  0.0000000E+00
1.00 0.0200 0.564    na21     21   0.0000000E+00  0.0000000E+00  0.0000000E+00  0.0000000E+00  0.0000000E+00  0.0000000E+00
1.00 0.0200 0.564    na22     22   4.2908145E-37  4.2908145E-37  0.0000000E+00  9.8413178E-37  0.0000000E+00  0.0000000E+00
1.00 0.0200 0.564    na23     23   1.3804583E-07  1.4716185E-05  1.4578140E-05  3.3752720E-05  3.3439956E-05  4.0430962E-03
1.00 0.0200 0.564    na24     24   0.0000000E+00  0.0000000E+00  0.0000000E+00  0.0000000E+00  0.0000000E+00  0.0000000E+00
1.00 0.0200 0.564    mg23     23   0.0000000E+00  0.0000000E+00  0.0000000E+00  0.0000000E+00  0.0000000E+00  0.0000000E+00
1.00 0.0200 0.564    mg24     24   3.0559022E-10  2.2479688E-04  2.2479657E-04  5.1558920E-04  5.1564793E-04 -4.9470906E-05
1.00 0.0200 0.564    mg25     25  -2.5665940E-09  2.9540844E-05  2.9543411E-05  6.7754234E-05  6.7767927E-05 -8.7762302E-05
1.00 0.0200 0.564    mg26     26   2.9249350E-09  3.3890337E-05  3.3887412E-05  7.7730132E-05  7.7732388E-05 -1.2606650E-05
1.00 0.0200 0.564    mg27     27   0.0000000E+00  0.0000000E+00  0.0000000E+00  0.0000000E+00  0.0000000E+00  0.0000000E+00
1.00 0.0200 0.564    al25     25   0.0000000E+00  0.0000000E+00  0.0000000E+00  0.0000000E+00  0.0000000E+00  0.0000000E+00
1.00 0.0200 0.564    al26     26   3.5967269E-12  3.5967269E-12  0.0000000E+00  8.2493734E-12  0.0000000E+00  0.0000000E+00
1.00 0.0200 0.564    al26     26   0.0000000E+00  0.0000000E+00  0.0000000E+00  0.0000000E+00  0.0000000E+00  0.0000000E+00
1.00 0.0200 0.564    al27     27   2.9649527E-10  2.5351184E-05  2.5350888E-05  5.8144920E-05  5.8150938E-05 -4.4940367E-05
1.00 0.0200 0.564    al28     28   0.0000000E+00  0.0000000E+00  0.0000000E+00  0.0000000E+00  0.0000000E+00  0.0000000E+00
1.00 0.0200 0.564    si27     27   0.0000000E+00  0.0000000E+00  0.0000000E+00  0.0000000E+00  0.0000000E+00  0.0000000E+00
1.00 0.0200 0.564    si28     28  -1.1350494E-09  2.8520936E-04  2.8521050E-04  6.5414992E-04  6.5422792E-04 -5.1775027E-05
1.00 0.0200 0.564    si29     29  -5.4569682E-11  1.4962773E-05  1.4962828E-05  3.4318287E-05  3.4322369E-05 -5.1645580E-05
1.00 0.0200 0.564    si30     30   2.0281732E-10  1.0273442E-05  1.0273239E-05  2.3562941E-05  2.3565191E-05 -4.1471303E-05
1.00 0.0200 0.564    si31     31   0.0000000E+00  0.0000000E+00  0.0000000E+00  0.0000000E+00  0.0000000E+00  0.0000000E+00
1.00 0.0200 0.564    si32     32   0.0000000E+00  0.0000000E+00  0.0000000E+00  0.0000000E+00  0.0000000E+00  0.0000000E+00
1.00 0.0200 0.564    si33     33   0.0000000E+00  0.0000000E+00  0.0000000E+00  0.0000000E+00  0.0000000E+00  0.0000000E+00
1.00 0.0200 0.564     p29     29   0.0000000E+00  0.0000000E+00  0.0000000E+00  0.0000000E+00  0.0000000E+00  0.0000000E+00
1.00 0.0200 0.564     p30     30   0.0000000E+00  0.0000000E+00  0.0000000E+00  0.0000000E+00  0.0000000E+00  0.0000000E+00
1.00 0.0200 0.564     p31     31   1.5234036E-11  3.5619346E-06  3.5619194E-06  8.1695753E-06  8.1704811E-06 -4.8150574E-05
1.00 0.0200 0.564     p32     32   0.0000000E+00  0.0000000E+00  0.0000000E+00  0.0000000E+00  0.0000000E+00  0.0000000E+00
1.00 0.0200 0.564     p33     33   0.0000000E+00  0.0000000E+00  0.0000000E+00  0.0000000E+00  0.0000000E+00  0.0000000E+00
1.00 0.0200 0.564     p34     34   0.0000000E+00  0.0000000E+00  0.0000000E+00  0.0000000E+00  0.0000000E+00  0.0000000E+00
1.00 0.0200 0.564     s32     32   2.5611371E-09  1.7288810E-04  1.7288554E-04  3.9653236E-04  3.9657217E-04 -4.3594158E-05
1.00 0.0200 0.564     s33     33   1.0686563E-11  1.4073210E-06  1.4073103E-06  3.2278003E-06  3.2281480E-06 -4.6778463E-05
1.00 0.0200 0.564     s34     34   1.1787051E-09  8.1602659E-05  8.1601480E-05  1.8716206E-04  1.8718094E-04 -4.3801268E-05
1.00 0.0200 0.564     s35     35   5.4745372E-20  5.4745372E-20  0.0000000E+00  1.2556279E-19  0.0000000E+00  0.0000000E+00
1.00 0.0200 0.564    fe54     54   2.1827873E-11  3.1149266E-05  3.1149244E-05  7.1443275E-05  7.1451461E-05 -4.9755683E-05
1.00 0.0200 0.564    fe55     55   2.0495279E-18  2.0495279E-18  0.0000000E+00  4.7007524E-18  0.0000000E+00  0.0000000E+00
1.00 0.0200 0.564    fe56     56   8.7311491E-10  5.1074289E-04  5.1074201E-04  1.1714287E-03  1.1715617E-03 -4.9289680E-05
1.00 0.0200 0.564    fe57     57   1.7280399E-10  1.2473734E-05  1.2473562E-05  2.8609484E-05  2.8612385E-05 -4.4034263E-05
1.00 0.0200 0.564    fe58     58   2.0577318E-11  1.6152671E-06  1.6152466E-06  3.7047412E-06  3.7051209E-06 -4.4500259E-05
1.00 0.0200 0.564    fe59     59   0.0000000E+00  0.0000000E+00  0.0000000E+00  0.0000000E+00  0.0000000E+00  0.0000000E+00
1.00 0.0200 0.564    fe60     60   0.0000000E+00  0.0000000E+00  0.0000000E+00  0.0000000E+00  0.0000000E+00  0.0000000E+00
1.00 0.0200 0.564    fe61     61   0.0000000E+00  0.0000000E+00  0.0000000E+00  0.0000000E+00  0.0000000E+00  0.0000000E+00
1.00 0.0200 0.564    co59     59   2.4101610E-11  1.4671334E-06  1.4671093E-06  3.3649849E-06  3.3653175E-06 -4.2921056E-05
1.00 0.0200 0.564    co60     60   0.0000000E+00  0.0000000E+00  0.0000000E+00  0.0000000E+00  0.0000000E+00  0.0000000E+00
1.00 0.0200 0.564    co61     61   1.0408425E-39  1.0408425E-39  0.0000000E+00  2.3872535E-39  0.0000000E+00  0.0000000E+00
1.00 0.0200 0.564    ni58     58   3.3287506E-10  2.1600315E-05  2.1599983E-05  4.9542010E-05  4.9546954E-05 -4.3335272E-05
1.00 0.0200 0.564    ni59     59   6.3177705E-28  6.3177705E-28  0.0000000E+00  1.4490300E-27  0.0000000E+00  0.0000000E+00
1.00 0.0200 0.564    ni60     60  -2.7284841E-12  8.5546362E-06  8.5546390E-06  1.9620726E-05  1.9622994E-05 -5.0195795E-05
1.00 0.0200 0.564    ni61     61   4.9908408E-07  8.7454100E-07  3.7545695E-07  2.0058280E-06  8.6123907E-07  3.6716998E-01
1.00 0.0200 0.564    ni62     62  -5.0726209E-07  7.0559514E-07  1.2128572E-06  1.6183375E-06  2.7821034E-06 -2.3530418E-01