1.25 0.0200 0.574      h1      1   2.7327989E-08  6.5684702E-08  3.8356713E-08  9.7166719E-08  5.6745975E-08  2.3358248E-01
1.25 0.0200 0.574      h1      1   0.0000000E+00  0.0000000E+00  0.0000000E+00  0.0000000E+00  0.0000000E+00  0.0000000E+00
1.25 0.0200 0.574      h1      1  -1.2294143E-02  4.5269319E-01  4.6498734E-01  6.6966450E-01  6.8791503E-01 -1.1677519E-02
1.25 0.0200 0.574      h2      2   3.9208047E-18  3.9208047E-18  0.0000000E+00  5.8000068E-18  0.0000000E+00  0.0000000E+00
1.25 0.0200 0.574     he3      3   2.3805331E-04  2.3805331E-04  0.0000000E+00  3.5214986E-04  0.0000000E+00  0.0000000E+00
1.25 0.0200 0.574     he4      4   1.1981189E-02  2.1010150E-01  1.9812031E-01  3.1080103E-01  2.9310462E-01  2.5459763E-02
1.25 0.0200 0.574     li7      7  -5.1006016E-10  7.5090062E-10  1.2609608E-09  1.1107998E-09  1.8655000E-09 -2.2515947E-01
1.25 0.0200 0.574     be7      7   5.8754618E-13  5.8754618E-13  0.0000000E+00  8.6915116E-13  0.0000000E+00  0.0000000E+00
1.25 0.0200 0.574      b8      8   9.4740908E-27  9.4740908E-27  0.0000000E+00  1.4014927E-26  0.0000000E+00  0.0000000E+00
1.25 0.0200 0.574     c12     12  -4.6293531E-04  1.5886654E-03  2.0516007E-03  2.3500968E-03  3.0351942E-03 -1.1110076E-01
1.25 0.0200 0.574     c13     13   3.9047798E-05  6.3739084E-05  2.4691286E-05  9.4288589E-05  3.6528963E-05  4.1182178E-01
1.25 0.0200 0.574     c14     14   1.2300540E-27  1.2300540E-27  0.0000000E+00  1.8196065E-27  0.0000000E+00  0.0000000E+00
1.25 0.0200 0.574     n13     13   0.0000000E+00  0.0000000E+00  0.0000000E+00  0.0000000E+00  0.0000000E+00  0.0000000E+00
1.25 0.0200 0.574     n14     14   5.0357985E-04  1.2511010E-03  7.4752118E-04  1.8507412E-03  1.1059034E-03  2.2362849E-01
1.25 0.0200 0.574     n15     15  -1.0999203E-06  1.8521940E-06  2.9521143E-06  2.7399319E-06  4.3674390E-06 -2.0248707E-01
1.25 0.0200 0.574     o14     14   0.0000000E+00  0.0000000E+00  0.0000000E+00  0.0000000E+00  0.0000000E+00  0.0000000E+00
1.25 0.0200 0.574     o15     15   0.0000000E+00  0.0000000E+00  0.0000000E+00  0.0000000E+00  0.0000000E+00  0.0000000E+00
1.25 0.0200 0.574     o16     16  -3.3960678E-06  6.4889956E-03  6.4923917E-03  9.5991064E-03  9.6050221E-03 -2.6756214E-04
1.25 0.0200 0.574     o17     17   9.2619530E-07  3.5564453E-06  2.6302500E-06  5.2610139E-06  3.8912640E-06  1.3097876E-01
1.25 0.0200 0.574     o18     18  -1.8358232E-06  1.2827110E-05  1.4662934E-05  1.8975015E-05  2.1692746E-05 -5.8132380E-02
1.25 0.0200 0.574     o19     19   0.0000000E+00  0.0000000E+00  0.0000000E+00  0.0000000E+00  0.0000000E+00  0.0000000E+00
1.25 0.0200 0.574     f17     17   0.0000000E+00  0.0000000E+00  0.0000000E+00  0.0000000E+00  0.0000000E+00  0.0000000E+00
1.25 0.0200 0.574     f18     18   0.0000000E+00  0.0000000E+00  0.0000000E+00  0.0000000E+00  0.0000000E+00  0.0000000E+00
1.25 0.0200 0.574     f19     19   1.2747137E-09  2.7540676E-07  2.7413205E-07  4.0740645E-07  4.0555850E-07  1.9743838E-03
1.25 0.0200 0.574     f20     20   0.0000000E+00  0.0000000E+00  0.0000000E+00  0.0000000E+00  0.0000000E+00  0.0000000E+00
1.25 0.0200 0.574    ne19     19   0.0000000E+00  0.0000000E+00  0.0000000E+00  0.0000000E+00  0.0000000E+00  0.0000000E+00
1.25 0.0200 0.574    ne20     20   1.0652002E-07  1.0960068E-03  1.0959003E-03  1.6213119E-03  1.6213050E-03  1.8637858E-06
1.25 0.0200 0.574    ne21     21   3.0677256E-09  2.7963611E-06  2.7932933E-06  4.1366288E-06  4.1324747E-06  4.3637343E-04
1.25 0.0200 0.574    ne22     22  -3.4554250E-07  8.7787550E-05  8.8133093E-05  1.2986324E-04  1.3038651E-04 -1.7464350E-03
1.25 0.0200 0.574    ne23     23   0.0000000E+00  0.0000000E+00  0.0000000E+00  0.0000000E+00  0.0000000E+00  0.0000000E+00
1.25 0.0200 0.574    na21     21   0.0000000E+00  0.0000000E+00  0.0000000E+00  0.0000000E+00  0.0000000E+00  0.0000000E+00
1.25 0.0200 0.574    na22     22   4.0997263E-30  4.0997263E-30  0.0000000E+00  6.0646838E-30  0.0000000E+00  0.0000000E+00
1.25 0.0200 0.574    na23     23   3.7262180E-07  2.2975932E-05  2.2603310E-05  3.3988064E-05  3.3439956E-05  7.0607257E-03
1.25 0.0200 0.574    na24     24   0.0000000E+00  0.0000000E+00  0.0000000E+00  0.0000000E+00  0.0000000E+00  0.0000000E+00
1.25 0.0200 0.574    mg23     23   0.0000000E+00  0.0000000E+00  0.0000000E+00  0.0000000E+00  0.0000000E+00  0.0000000E+00
1.25 0.0200 0.574    mg24     24   3.4197001E-08  3.4857981E-04  3.4854561E-04  5.1565061E-04  5.1564793E-04  2.2779593E-06
1.25 0.0200 0.574    mg25     25  -2.4228939E-09  4.5804441E-05  4.5806864E-05  6.7758046E-05  6.7767927E-05 -6.3321691E-05
1.25 0.0200 0.574    mg26     26   1.2551027E-08  5.2554762E-05  5.2542211E-05  7.7743731E-05  7.7732388E-05  6.3364234E-05
1.25 0.0200 0.574    mg27     27   0.0000000E+00  0.0000000E+00  0.0000000E+00  0.0000000E+00  0.0000000E+00  0.0000000E+00
1.25 0.0200 0.574    al25     25   0.0000000E+00  0.0000000E+00  0.0000000E+00  0.0000000E+00  0.0000000E+00  0.0000000E+00
1.25 0.0200 0.574    al26     26   2.8757303E-13  2.8757303E-13  0.0000000E+00  4.2540388E-13  0.0000000E+00  0.0000000E+00
1.25 0.0200 0.574    al26     26   0.0000000E+00  0.0000000E+00  0.0000000E+00  0.0000000E+00  0.0000000E+00  0.0000000E+00
1.25 0.0200 0.574    al27     27   3.8962753E-09  3.9310278E-05  3.9306382E-05  5.8151298E-05  5.8150938E-05  2.6921325E-06
1.25 0.0200 0.574    al28     28   0.0000000E+00  0.0000000E+00  0.0000000E+00  0.0000000E+00  0.0000000E+00  0.0000000E+00
1.25 0.0200 0.574    si27     27   0.0000000E+00  0.0000000E+00  0.0000000E+00  0.0000000E+00  0.0000000E+00  0.0000000E+00
1.25 0.0200 0.574    si28     28   4.3568434E-08  4.4226053E-04  4.4221696E-04  6.5423152E-04  6.5422792E-04  2.3815026E-06
1.25 0.0200 0.574    si29     29   2.3064786E-09  2.3202072E-05  2.3199766E-05  3.4322591E-05  3.4322369E-05  2.7956755E-06
1.25 0.0200 0.574    si30     30   1.5734258E-09  1.5930162E-05  1.5928588E-05  2.3565328E-05  2.3565191E-05  2.5368174E-06
1.25 0.0200 0.574    si31     31   0.0000000E+00  0.0000000E+00  0.0000000E+00  0.0000000E+00  0.0000000E+00  0.0000000E+00
1.25 0.0200 0.574    si32     32   0.0000000E+00  0.0000000E+00  0.0000000E+00  0.0000000E+00  0.0000000E+00  0.0000000E+00
1.25 0.0200 0.574    si33     33   0.0000000E+00  0.0000000E+00  0.0000000E+00  0.0000000E+00  0.0000000E+00  0.0000000E+00
1.25 0.0200 0.574     p29     29   0.0000000E+00  0.0000000E+00  0.0000000E+00  0.0000000E+00  0.0000000E+00  0.0000000E+00
1.25 0.0200 0.574     p30     30   0.0000000E+00  0.0000000E+00  0.0000000E+00  0.0000000E+00  0.0000000E+00  0.0000000E+00
1.25 0.0200 0.574     p31     31   5.5115379E-10  5.5232831E-06  5.5227320E-06  8.1705375E-06  8.1704811E-06  3.0027620E-06
1.25 0.0200 0.574     p32     32   0.0000000E+00  0.0000000E+00  0.0000000E+00  0.0000000E+00  0.0000000E+00  0.0000000E+00
1.25 0.0200 0.574     p33     33   0.0000000E+00  0.0000000E+00  0.0000000E+00  0.0000000E+00  0.0000000E+00  0.0000000E+00
1.25 0.0200 0.574     p34     34   0.0000000E+00  0.0000000E+00  0.0000000E+00  0.0000000E+00  0.0000000E+00  0.0000000E+00
1.25 0.0200 0.574     s32     32   2.6338967E-08  2.6808420E-04  2.6805786E-04  3.9657427E-04  3.9657217E-04  2.2779593E-06
1.25 0.0200 0.574     s33     33   2.1691449E-10  2.1822423E-06  2.1820254E-06  3.2281691E-06  3.2281480E-06  2.8474474E-06
1.25 0.0200 0.574     s34     34   1.2456439E-08  1.2653500E-04  1.2652254E-04  1.8718195E-04  1.8718094E-04  2.3815026E-06
1.25 0.0200 0.574     s35     35   7.7321483E-20  7.7321483E-20  0.0000000E+00  1.1438089E-19  0.0000000E+00  0.0000000E+00
1.25 0.0200 0.574    fe54     54   4.8203219E-09  4.8301517E-05  4.8296697E-05  7.1451948E-05  7.1451461E-05  2.9509904E-06
1.25 0.0200 0.574    fe55     55   3.2336937E-18  3.2336937E-18  0.0000000E+00  4.7835706E-18  0.0000000E+00  0.0000000E+00
1.25 0.0200 0.574    fe56     56   7.8405719E-08  7.9198042E-04  7.9190201E-04  1.1715686E-03  1.1715617E-03  2.5885893E-06
1.25 0.0200 0.574    fe57     57   1.9426807E-09  1.9342118E-05  1.9340176E-05  2.8612601E-05  2.8612385E-05  3.2616199E-06
1.25 0.0200 0.574    fe58     58   2.4897417E-10  2.5046779E-06  2.5044289E-06  3.7051448E-06  3.7051209E-06  2.7956755E-06
1.25 0.0200 0.574    fe59     59   0.0000000E+00  0.0000000E+00  0.0000000E+00  0.0000000E+00  0.0000000E+00  0.0000000E+00
1.25 0.0200 0.574    fe60     60   0.0000000E+00  0.0000000E+00  0.0000000E+00  0.0000000E+00  0.0000000E+00  0.0000000E+00
1.25 0.0200 0.574    fe61     61   0.0000000E+00  0.0000000E+00  0.0000000E+00  0.0000000E+00  0.0000000E+00  0.0000000E+00
1.25 0.0200 0.574    co59     59   2.2441782E-10  2.2749675E-06  2.2747431E-06  3.3653366E-06  3.3653175E-06  2.4850458E-06
1.25 0.0200 0.574    co60     60   0.0000000E+00  0.0000000E+00  0.0000000E+00  0.0000000E+00  0.0000000E+00  0.0000000E+00
1.25 0.0200 0.574    co61     61   0.0000000E+00  0.0000000E+00  0.0000000E+00  0.0000000E+00  0.0000000E+00  0.0000000E+00
1.25 0.0200 0.574    ni58     58   3.3069227E-09  3.3493936E-05  3.3490629E-05  4.9547241E-05  4.9546954E-05  2.5368174E-06
1.25 0.0200 0.574    ni59     59   6.3815597E-28  6.3815597E-28  0.0000000E+00  9.4401767E-28  0.0000000E+00  0.0000000E+00
1.25 0.0200 0.574    ni60     60   1.3105819E-09  1.3265221E-05  1.3263911E-05  1.9623109E-05  1.9622994E-05  2.5368174E-06
1.25 0.0200 0.574    ni61     61   1.6668334E-06  2.2489769E-06  5.8214351E-07  3.3268889E-06  8.6123907E-07  5.8691460E-01
1.25 0.0200 0.574    ni62     62  -1.6939141E-06  1.8661309E-07  1.8805272E-06  2.7605486E-07  2.7821034E-06 -1.0033779E+00