1.90 0.0200 0.630      h1      1   5.5156903E-08  1.2721887E-07  7.2061965E-08  1.0017234E-07  5.6745975E-08  2.4681275E-01
1.90 0.0200 0.630      h1      1   0.0000000E+00  0.0000000E+00  0.0000000E+00  0.0000000E+00  0.0000000E+00  0.0000000E+00
1.90 0.0200 0.630      h1      1  -1.0850966E-02  8.6273539E-01  8.7358636E-01  6.7931920E-01  6.8791503E-01 -5.4608984E-03
1.90 0.0200 0.630      h2      2   7.5206054E-18  7.5206054E-18  0.0000000E+00  5.9217368E-18  0.0000000E+00  0.0000000E+00
1.90 0.0200 0.630     he3      3   3.2009522E-04  3.2009522E-04  0.0000000E+00  2.5204348E-04  0.0000000E+00  0.0000000E+00
1.90 0.0200 0.630     he4      4   1.0326833E-02  3.8254172E-01  3.7221488E-01  3.0121395E-01  2.9310462E-01  1.1852430E-02
1.90 0.0200 0.630     li7      7  -1.8291435E-09  5.3986327E-10  2.3690068E-09  4.2508919E-10  1.8655000E-09 -6.4231521E-01
1.90 0.0200 0.630     be7      7   3.3869305E-13  3.3869305E-13  0.0000000E+00  2.6668744E-13  0.0000000E+00  0.0000000E+00
1.90 0.0200 0.630      b8      8   2.5497624E-25  2.5497624E-25  0.0000000E+00  2.0076870E-25  0.0000000E+00  0.0000000E+00
1.90 0.0200 0.630     c12     12  -1.2646052E-03  2.5898018E-03  3.8544070E-03  2.0392141E-03  3.0351942E-03 -1.7272367E-01
1.90 0.0200 0.630     c13     13   6.9854446E-05  1.1624274E-04  4.6388293E-05  9.1529713E-05  3.6528963E-05  3.9892477E-01
1.90 0.0200 0.630     c14     14   3.2600120E-27  3.2600120E-27  0.0000000E+00  2.5669386E-27  0.0000000E+00  0.0000000E+00
1.90 0.0200 0.630     n13     13   0.0000000E+00  0.0000000E+00  0.0000000E+00  0.0000000E+00  0.0000000E+00  0.0000000E+00
1.90 0.0200 0.630     n14     14   1.4078185E-03  2.8122102E-03  1.4043917E-03  2.2143389E-03  1.1059034E-03  3.0152687E-01
1.90 0.0200 0.630     n15     15  -2.6674245E-06  2.8788056E-06  5.5462301E-06  2.2667762E-06  4.3674390E-06 -2.8481823E-01
1.90 0.0200 0.630     o14     14   0.0000000E+00  0.0000000E+00  0.0000000E+00  0.0000000E+00  0.0000000E+00  0.0000000E+00
1.90 0.0200 0.630     o15     15   0.0000000E+00  0.0000000E+00  0.0000000E+00  0.0000000E+00  0.0000000E+00  0.0000000E+00
1.90 0.0200 0.630     o16     16  -1.4317222E-05  1.2183144E-02  1.2197461E-02  9.5930267E-03  9.6050221E-03 -5.4272771E-04
1.90 0.0200 0.630     o17     17   1.4835156E-05  1.9776689E-05  4.9415339E-06  1.5572197E-05  3.8912640E-06  6.0225922E-01
1.90 0.0200 0.630     o18     18  -6.2378640E-06  2.1309852E-05  2.7547716E-05  1.6779411E-05  2.1692746E-05 -1.1153780E-01
1.90 0.0200 0.630     o19     19   0.0000000E+00  0.0000000E+00  0.0000000E+00  0.0000000E+00  0.0000000E+00  0.0000000E+00
1.90 0.0200 0.630     f17     17   0.0000000E+00  0.0000000E+00  0.0000000E+00  0.0000000E+00  0.0000000E+00  0.0000000E+00
1.90 0.0200 0.630     f18     18   0.0000000E+00  0.0000000E+00  0.0000000E+00  0.0000000E+00  0.0000000E+00  0.0000000E+00
1.90 0.0200 0.630     f19     19   1.6311787E-09  5.1665171E-07  5.1502053E-07  4.0681238E-07  4.0555850E-07  1.3406338E-03
1.90 0.0200 0.630     f20     20   0.0000000E+00  0.0000000E+00  0.0000000E+00  0.0000000E+00  0.0000000E+00  0.0000000E+00
1.90 0.0200 0.630    ne19     19   0.0000000E+00  0.0000000E+00  0.0000000E+00  0.0000000E+00  0.0000000E+00  0.0000000E+00
1.90 0.0200 0.630    ne20     20   1.3969839E-09  2.0589039E-03  2.0589025E-03  1.6211842E-03  1.6213050E-03 -3.2358665E-05
1.90 0.0200 0.630    ne21     21   7.6033757E-10  5.2486084E-06  5.2478481E-06  4.1327626E-06  4.1324747E-06  3.0233759E-05
1.90 0.0200 0.630    ne22     22  -6.2985055E-06  1.5927991E-04  1.6557841E-04  1.2541725E-04  1.3038651E-04 -1.6875379E-02
1.90 0.0200 0.630    ne23     23   0.0000000E+00  0.0000000E+00  0.0000000E+00  0.0000000E+00  0.0000000E+00  0.0000000E+00
1.90 0.0200 0.630    na21     21   0.0000000E+00  0.0000000E+00  0.0000000E+00  0.0000000E+00  0.0000000E+00  0.0000000E+00
1.90 0.0200 0.630    na22     22   3.6614634E-29  3.6614634E-29  0.0000000E+00  2.8830422E-29  0.0000000E+00  0.0000000E+00
1.90 0.0200 0.630    na23     23   6.5861968E-06  4.9051745E-05  4.2465548E-05  3.8623421E-05  3.3439956E-05  6.2585026E-02
1.90 0.0200 0.630    na24     24   0.0000000E+00  0.0000000E+00  0.0000000E+00  0.0000000E+00  0.0000000E+00  0.0000000E+00
1.90 0.0200 0.630    mg23     23   0.0000000E+00  0.0000000E+00  0.0000000E+00  0.0000000E+00  0.0000000E+00  0.0000000E+00
1.90 0.0200 0.630    mg24     24   1.6880222E-09  6.5482530E-04  6.5482361E-04  5.1561050E-04  5.1564793E-04 -3.1530253E-05
1.90 0.0200 0.630    mg25     25  -1.8335413E-09  8.6056963E-05  8.6058797E-05  6.7761386E-05  6.7767927E-05 -4.1911408E-05
1.90 0.0200 0.630    mg26     26   4.7293724E-10  9.8713179E-05  9.8712706E-05  7.7726916E-05  7.7732388E-05 -3.0572406E-05
1.90 0.0200 0.630    mg27     27   0.0000000E+00  0.0000000E+00  0.0000000E+00  0.0000000E+00  0.0000000E+00  0.0000000E+00
1.90 0.0200 0.630    al25     25   0.0000000E+00  0.0000000E+00  0.0000000E+00  0.0000000E+00  0.0000000E+00  0.0000000E+00
1.90 0.0200 0.630    al26     26   1.3871884E-09  1.3871884E-09  0.0000000E+00  1.0922743E-09  0.0000000E+00  0.0000000E+00
1.90 0.0200 0.630    al26     26   0.0000000E+00  0.0000000E+00  0.0000000E+00  0.0000000E+00  0.0000000E+00  0.0000000E+00
1.90 0.0200 0.630    al27     27   8.0035534E-11  7.3846219E-05  7.3846139E-05  5.8146630E-05  5.8150938E-05 -3.2177450E-05
1.90 0.0200 0.630    al28     28   0.0000000E+00  0.0000000E+00  0.0000000E+00  0.0000000E+00  0.0000000E+00  0.0000000E+00
1.90 0.0200 0.630    si27     27   0.0000000E+00  0.0000000E+00  0.0000000E+00  0.0000000E+00  0.0000000E+00  0.0000000E+00
1.90 0.0200 0.630    si28     28   6.9849193E-10  8.3080766E-04  8.3080697E-04  6.5417925E-04  6.5422792E-04 -3.2306889E-05
1.90 0.0200 0.630    si29     29   0.0000000E+00  4.3586133E-05  4.3586133E-05  3.4319790E-05  3.4322369E-05 -3.2643431E-05
1.90 0.0200 0.630    si30     30  -1.8189894E-11  2.9925524E-05  2.9925543E-05  2.3563405E-05  2.3565191E-05 -3.2928201E-05
1.90 0.0200 0.630    si31     31   0.0000000E+00  0.0000000E+00  0.0000000E+00  0.0000000E+00  0.0000000E+00  0.0000000E+00
1.90 0.0200 0.630    si32     32   0.0000000E+00  0.0000000E+00  0.0000000E+00  0.0000000E+00  0.0000000E+00  0.0000000E+00
1.90 0.0200 0.630    si33     33   0.0000000E+00  0.0000000E+00  0.0000000E+00  0.0000000E+00  0.0000000E+00  0.0000000E+00
1.90 0.0200 0.630     p29     29   0.0000000E+00  0.0000000E+00  0.0000000E+00  0.0000000E+00  0.0000000E+00  0.0000000E+00
1.90 0.0200 0.630     p30     30   0.0000000E+00  0.0000000E+00  0.0000000E+00  0.0000000E+00  0.0000000E+00  0.0000000E+00
1.90 0.0200 0.630     p31     31   5.4569682E-12  1.0375737E-05  1.0375731E-05  8.1698718E-06  8.1704811E-06 -3.2384552E-05
1.90 0.0200 0.630     p32     32   0.0000000E+00  0.0000000E+00  0.0000000E+00  0.0000000E+00  0.0000000E+00  0.0000000E+00
1.90 0.0200 0.630     p33     33   0.0000000E+00  0.0000000E+00  0.0000000E+00  0.0000000E+00  0.0000000E+00  0.0000000E+00
1.90 0.0200 0.630     p34     34   0.0000000E+00  0.0000000E+00  0.0000000E+00  0.0000000E+00  0.0000000E+00  0.0000000E+00
1.90 0.0200 0.630     s32     32   3.4924597E-10  5.0360913E-04  5.0360878E-04  3.9654263E-04  3.9657217E-04 -3.2358665E-05
1.90 0.0200 0.630     s33     33   0.0000000E+00  4.0994396E-06  4.0994396E-06  3.2279052E-06  3.2281480E-06 -3.2669323E-05
1.90 0.0200 0.630     s34     34   3.0559022E-10  2.3770222E-04  2.3770191E-04  1.8716710E-04  1.8718094E-04 -3.2099786E-05
1.90 0.0200 0.630     s35     35   5.9004383E-20  5.9004383E-20  0.0000000E+00  4.6460144E-20  0.0000000E+00  0.0000000E+00
1.90 0.0200 0.630    fe54     54   5.8207661E-11  9.0736590E-05  9.0736532E-05  7.1446135E-05  7.1451461E-05 -3.2384552E-05
1.90 0.0200 0.630    fe55     55   2.8937369E-18  2.8937369E-18  0.0000000E+00  2.2785331E-18  0.0000000E+00  0.0000000E+00
1.90 0.0200 0.630    fe56     56   3.1432137E-09  1.4877745E-03  1.4877714E-03  1.1714761E-03  1.1715617E-03 -3.1711468E-05
1.90 0.0200 0.630    fe57     57  -4.7293724E-11  3.6334950E-05  3.6334997E-05  2.8610197E-05  2.8612385E-05 -3.3212968E-05
1.90 0.0200 0.630    fe58     58  -3.1832315E-12  4.7051462E-06  4.7051494E-06  3.7048396E-06  3.7051209E-06 -3.2979977E-05
1.90 0.0200 0.630    fe59     59   0.0000000E+00  0.0000000E+00  0.0000000E+00  0.0000000E+00  0.0000000E+00  0.0000000E+00
1.90 0.0200 0.630    fe60     60   0.0000000E+00  0.0000000E+00  0.0000000E+00  0.0000000E+00  0.0000000E+00  0.0000000E+00
1.90 0.0200 0.630    fe61     61   0.0000000E+00  0.0000000E+00  0.0000000E+00  0.0000000E+00  0.0000000E+00  0.0000000E+00
1.90 0.0200 0.630    co59     59   1.1368684E-11  4.2736433E-06  4.2736319E-06  3.3650736E-06  3.3653175E-06 -3.1478477E-05
1.90 0.0200 0.630    co60     60   2.1224949E-39  2.1224949E-39  0.0000000E+00  1.6712558E-39  0.0000000E+00  0.0000000E+00
1.90 0.0200 0.630    co61     61   0.0000000E+00  0.0000000E+00  0.0000000E+00  0.0000000E+00  0.0000000E+00  0.0000000E+00
1.90 0.0200 0.630    ni58     58  -5.8207661E-11  6.2919840E-05  6.2919898E-05  4.9543181E-05  4.9546954E-05 -3.3057640E-05
1.90 0.0200 0.630    ni59     59   1.4842976E-23  1.4842976E-23  0.0000000E+00  1.1687383E-23  0.0000000E+00  0.0000000E+00
1.90 0.0200 0.630    ni60     60  -2.5465852E-11  2.4919302E-05  2.4919327E-05  1.9621497E-05  1.9622994E-05 -3.3135304E-05
1.90 0.0200 0.630    ni61     61   3.3645524E-06  4.4582439E-06  1.0936914E-06  3.5104283E-06  8.6123907E-07  6.1023641E-01
1.90 0.0200 0.630    ni62     62  -3.4197044E-06  1.1330131E-07  3.5330056E-06  8.9213636E-08  2.7821034E-06 -1.4939420E+00