4.00 0.0200 0.792      h1      1   2.0577340E-07  3.8780308E-07  1.8202968E-07  1.2088626E-07  5.6745975E-08  3.2844186E-01
4.00 0.0200 0.792      h1      1   0.0000000E+00  0.0000000E+00  0.0000000E+00  0.0000000E+00  0.0000000E+00  0.0000000E+00
4.00 0.0200 0.792      h1      1  -6.3057899E-02  2.1436353E+00  2.2066932E+00  6.6821551E-01  6.8791503E-01 -1.2618253E-02
4.00 0.0200 0.792      h2      2   1.9034653E-17  1.9034653E-17  0.0000000E+00  5.9334956E-18  0.0000000E+00  0.0000000E+00
4.00 0.0200 0.792     he3      3   1.9090575E-04  1.9090575E-04  0.0000000E+00  5.9509275E-05  0.0000000E+00  0.0000000E+00
4.00 0.0200 0.792     he4      4   4.8814297E-02  9.8903501E-01  9.4022071E-01  3.0830270E-01  2.9310462E-01  2.1954682E-02
4.00 0.0200 0.792     li7      7  -5.8330625E-09  1.5108609E-10  5.9841487E-09  4.7096663E-11  1.8655000E-09 -1.5978051E+00
4.00 0.0200 0.792     be7      7   3.4087457E-12  3.4087457E-12  0.0000000E+00  1.0625766E-12  0.0000000E+00  0.0000000E+00
4.00 0.0200 0.792      b8      8   4.0950817E-27  4.0950817E-27  0.0000000E+00  1.2765218E-27  0.0000000E+00  0.0000000E+00
4.00 0.0200 0.792     c12     12   9.1863060E-03  1.8922599E-02  9.7362930E-03  5.8985660E-03  3.0351942E-03  2.8855994E-01
4.00 0.0200 0.792     c13     13   1.7281614E-04  2.8999371E-04  1.1717757E-04  9.0397043E-05  3.6528963E-05  3.9351687E-01
4.00 0.0200 0.792     c14     14   2.0957332E-08  2.0957332E-08  0.0000000E+00  6.5328343E-09  0.0000000E+00  0.0000000E+00
4.00 0.0200 0.792     n13     13   0.0000000E+00  0.0000000E+00  0.0000000E+00  0.0000000E+00  0.0000000E+00  0.0000000E+00
4.00 0.0200 0.792     n14     14   5.0780000E-03  8.6255157E-03  3.5475157E-03  2.6887518E-03  1.1059034E-03  3.8583350E-01
4.00 0.0200 0.792     n15     15  -7.6303022E-06  6.3795642E-06  1.4009866E-05  1.9886422E-06  4.3674390E-06 -3.4167019E-01
4.00 0.0200 0.792     o14     14   0.0000000E+00  0.0000000E+00  0.0000000E+00  0.0000000E+00  0.0000000E+00  0.0000000E+00
4.00 0.0200 0.792     o15     15   0.0000000E+00  0.0000000E+00  0.0000000E+00  0.0000000E+00  0.0000000E+00  0.0000000E+00
4.00 0.0200 0.792     o16     16  -1.6776770E-03  2.9133303E-02  3.0810980E-02  9.0814540E-03  9.6050221E-03 -2.4342978E-02
4.00 0.0200 0.792     o17     17   4.8245514E-05  6.0727907E-05  1.2482394E-05  1.8930146E-05  3.8912640E-06  6.8706328E-01
4.00 0.0200 0.792     o18     18  -2.0166714E-05  4.9419257E-05  6.9585971E-05  1.5405005E-05  2.1692746E-05 -1.4865269E-01
4.00 0.0200 0.792     o19     19   0.0000000E+00  0.0000000E+00  0.0000000E+00  0.0000000E+00  0.0000000E+00  0.0000000E+00
4.00 0.0200 0.792     f17     17   0.0000000E+00  0.0000000E+00  0.0000000E+00  0.0000000E+00  0.0000000E+00  0.0000000E+00
4.00 0.0200 0.792     f18     18   0.0000000E+00  0.0000000E+00  0.0000000E+00  0.0000000E+00  0.0000000E+00  0.0000000E+00
4.00 0.0200 0.792     f19     19   2.2539109E-06  3.5548610E-06  1.3009501E-06  1.1081238E-06  4.0555850E-07  4.3653479E-01
4.00 0.0200 0.792     f20     20   0.0000000E+00  0.0000000E+00  0.0000000E+00  0.0000000E+00  0.0000000E+00  0.0000000E+00
4.00 0.0200 0.792    ne19     19   0.0000000E+00  0.0000000E+00  0.0000000E+00  0.0000000E+00  0.0000000E+00  0.0000000E+00
4.00 0.0200 0.792    ne20     20  -2.6999041E-06  5.1981201E-03  5.2008200E-03  1.6203617E-03  1.6213050E-03 -2.5274648E-04
4.00 0.0200 0.792    ne21     21   1.1784286E-06  1.4434577E-05  1.3256148E-05  4.4995563E-06  4.1324747E-06  3.6959507E-02
4.00 0.0200 0.792    ne22     22   1.1293872E-03  1.5476409E-03  4.1825371E-04  4.8243170E-04  1.3038651E-04  5.6820321E-01
4.00 0.0200 0.792    ne23     23   0.0000000E+00  0.0000000E+00  0.0000000E+00  0.0000000E+00  0.0000000E+00  0.0000000E+00
4.00 0.0200 0.792    na21     21   0.0000000E+00  0.0000000E+00  0.0000000E+00  0.0000000E+00  0.0000000E+00  0.0000000E+00
4.00 0.0200 0.792    na22     22   1.5757979E-16  1.5757979E-16  0.0000000E+00  4.9120883E-17  0.0000000E+00  0.0000000E+00
4.00 0.0200 0.792    na23     23   5.5070945E-05  1.6233959E-04  1.0726865E-04  5.0604613E-05  3.3439956E-05  1.7992440E-01
4.00 0.0200 0.792    na24     24   0.0000000E+00  0.0000000E+00  0.0000000E+00  0.0000000E+00  0.0000000E+00  0.0000000E+00
4.00 0.0200 0.792    mg23     23   0.0000000E+00  0.0000000E+00  0.0000000E+00  0.0000000E+00  0.0000000E+00  0.0000000E+00
4.00 0.0200 0.792    mg24     24  -1.4387886E-05  1.6397070E-03  1.6540949E-03  5.1113061E-04  5.1564793E-04 -3.8213793E-03
4.00 0.0200 0.792    mg25     25   4.0860192E-05  2.5824609E-04  2.1738590E-04  8.0500649E-05  6.7767927E-05  7.4775197E-02
4.00 0.0200 0.792    mg26     26   5.1169074E-05  3.0051894E-04  2.4934986E-04  9.3677976E-05  7.7732388E-05  8.1035480E-02
4.00 0.0200 0.792    mg27     27   0.0000000E+00  0.0000000E+00  0.0000000E+00  0.0000000E+00  0.0000000E+00  0.0000000E+00
4.00 0.0200 0.792    al25     25   0.0000000E+00  0.0000000E+00  0.0000000E+00  0.0000000E+00  0.0000000E+00  0.0000000E+00
4.00 0.0200 0.792    al26     26   2.7272299E-07  2.7272299E-07  0.0000000E+00  8.5013404E-08  0.0000000E+00  0.0000000E+00
4.00 0.0200 0.792    al26     26   0.0000000E+00  0.0000000E+00  0.0000000E+00  0.0000000E+00  0.0000000E+00  0.0000000E+00
4.00 0.0200 0.792    al27     27   6.5405911E-06  1.9307711E-04  1.8653652E-04  6.0186132E-05  5.8150938E-05  1.4939736E-02
4.00 0.0200 0.792    al28     28   0.0000000E+00  0.0000000E+00  0.0000000E+00  0.0000000E+00  0.0000000E+00  0.0000000E+00
4.00 0.0200 0.792    si27     27   0.0000000E+00  0.0000000E+00  0.0000000E+00  0.0000000E+00  0.0000000E+00  0.0000000E+00
4.00 0.0200 0.792    si28     28   2.0978041E-07  2.0988414E-03  2.0986316E-03  6.5425230E-04  6.5422792E-04  1.6204314E-05
4.00 0.0200 0.792    si29     29   9.4910502E-07  1.1104836E-04  1.1009926E-04  3.4616074E-05  3.4322369E-05  3.7005343E-03
4.00 0.0200 0.792    si30     30   2.1144879E-06  7.7706878E-05  7.5592390E-05  2.4222843E-05  2.3565191E-05  1.1954132E-02
4.00 0.0200 0.792    si31     31   0.0000000E+00  0.0000000E+00  0.0000000E+00  0.0000000E+00  0.0000000E+00  0.0000000E+00
4.00 0.0200 0.792    si32     32   2.3298805E-13  2.3298805E-13  0.0000000E+00  7.2627200E-14  0.0000000E+00  0.0000000E+00
4.00 0.0200 0.792    si33     33   0.0000000E+00  0.0000000E+00  0.0000000E+00  0.0000000E+00  0.0000000E+00  0.0000000E+00
4.00 0.0200 0.792     p29     29   0.0000000E+00  0.0000000E+00  0.0000000E+00  0.0000000E+00  0.0000000E+00  0.0000000E+00
4.00 0.0200 0.792     p30     30   0.0000000E+00  0.0000000E+00  0.0000000E+00  0.0000000E+00  0.0000000E+00  0.0000000E+00
4.00 0.0200 0.792     p31     31   2.1518099E-07  2.6424443E-05  2.6209262E-05  8.2370461E-06  8.1704811E-06  3.5238627E-03
4.00 0.0200 0.792     p32     32   5.9477416E-17  5.9477416E-17  0.0000000E+00  1.8540342E-17  0.0000000E+00  0.0000000E+00
4.00 0.0200 0.792     p33     33   5.2234589E-38  5.2234589E-38  0.0000000E+00  1.6282603E-38  0.0000000E+00  0.0000000E+00
4.00 0.0200 0.792     p34     34   0.0000000E+00  0.0000000E+00  0.0000000E+00  0.0000000E+00  0.0000000E+00  0.0000000E+00
4.00 0.0200 0.792     s32     32  -1.9653235E-06  1.2701584E-03  1.2721238E-03  3.9593468E-04  3.9657217E-04 -6.9868041E-04
4.00 0.0200 0.792     s33     33   1.9752952E-07  1.0552779E-05  1.0355249E-05  3.2895196E-06  3.2281480E-06  8.1790332E-03
4.00 0.0200 0.792     s34     34   3.9697625E-08  6.0047850E-04  6.0043880E-04  1.8718158E-04  1.8718094E-04  1.5013836E-06
4.00 0.0200 0.792     s35     35   7.9317587E-08  7.9317587E-08  0.0000000E+00  2.4724933E-08  0.0000000E+00  0.0000000E+00
4.00 0.0200 0.792    fe54     54  -2.4072069E-06  2.2679471E-04  2.2920192E-04  7.0696609E-05  7.1451461E-05 -4.6125143E-03
4.00 0.0200 0.792    fe55     55   6.4106035E-07  6.4106035E-07  0.0000000E+00  1.9983179E-07  0.0000000E+00  0.0000000E+00
4.00 0.0200 0.792    fe56     56  -1.7833430E-05  3.7403009E-03  3.7581343E-03  1.1659293E-03  1.1715617E-03 -2.0929454E-03
4.00 0.0200 0.792    fe57     57   7.2568946E-06  9.9039673E-05  9.1782778E-05  3.0872718E-05  2.8612385E-05  3.3020820E-02
4.00 0.0200 0.792    fe58     58   9.9065383E-06  2.1791820E-05  1.1885282E-05  6.7929618E-06  3.7051209E-06  2.6325679E-01
4.00 0.0200 0.792    fe59     59   4.8292753E-39  4.8292753E-39  0.0000000E+00  1.5053855E-39  0.0000000E+00  0.0000000E+00
4.00 0.0200 0.792    fe60     60   3.6433738E-07  3.6433738E-07  0.0000000E+00  1.1357150E-07  0.0000000E+00  0.0000000E+00
4.00 0.0200 0.792    fe61     61   0.0000000E+00  0.0000000E+00  0.0000000E+00  0.0000000E+00  0.0000000E+00  0.0000000E+00
4.00 0.0200 0.792    co59     59   1.9689060E-06  1.2764168E-05  1.0795262E-05  3.9788556E-06  3.3653175E-06  7.2732143E-02
4.00 0.0200 0.792    co60     60   1.3093894E-12  1.3093894E-12  0.0000000E+00  4.0816379E-13  0.0000000E+00  0.0000000E+00
4.00 0.0200 0.792    co61     61   0.0000000E+00  0.0000000E+00  0.0000000E+00  0.0000000E+00  0.0000000E+00  0.0000000E+00
4.00 0.0200 0.792    ni58     58  -1.7687562E-06  1.5716792E-04  1.5893667E-04  4.8992493E-05  4.9546954E-05 -4.8874109E-03
4.00 0.0200 0.792    ni59     59   1.4749166E-07  1.4749166E-07  0.0000000E+00  4.5976204E-08  0.0000000E+00  0.0000000E+00
4.00 0.0200 0.792    ni60     60   5.9991726E-07  6.3546540E-05  6.2946623E-05  1.9808773E-05  1.9622994E-05  4.0922826E-03
4.00 0.0200 0.792    ni61     61   1.0845442E-05  1.3608124E-05  2.7626818E-06  4.2419342E-06  8.6123907E-07  6.9244021E-01
4.00 0.0200 0.792    ni62     62  -8.9154391E-06  8.9889554E-09  8.9244277E-06  2.8020435E-09  2.7821034E-06 -2.9968984E+00