4.50 0.0200 0.852      h1      1   3.5865554E-07  5.6565199E-07  2.0699645E-07  1.5505812E-07  5.6745975E-08  4.3655947E-01
4.50 0.0200 0.852      h1      1   0.0000000E+00  0.0000000E+00  0.0000000E+00  0.0000000E+00  0.0000000E+00  0.0000000E+00
4.50 0.0200 0.852      h1      1  -1.0856915E-01  2.4007888E+00  2.5093579E+00  6.5811098E-01  6.8791503E-01 -1.9235659E-02
4.50 0.0200 0.852      h2      2   2.0578502E-17  2.0578502E-17  0.0000000E+00  5.6410368E-18  0.0000000E+00  0.0000000E+00
4.50 0.0200 0.852     he3      3   1.6707343E-04  1.6707343E-04  0.0000000E+00  4.5798639E-05  0.0000000E+00  0.0000000E+00
4.50 0.0200 0.852     he4      4   9.4339252E-02  1.1635184E+00  1.0691792E+00  3.1894693E-01  2.9310462E-01  3.6695771E-02
4.50 0.0200 0.852     li7      7  -5.8263439E-10  6.2222858E-09  6.8049202E-09  1.7056705E-09  1.8655000E-09 -3.8900115E-02
4.50 0.0200 0.852     be7      7   1.8476388E-09  1.8476388E-09  0.0000000E+00  5.0647991E-10  0.0000000E+00  0.0000000E+00
4.50 0.0200 0.852      b8      8   9.1175547E-25  9.1175547E-25  0.0000000E+00  2.4993298E-25  0.0000000E+00  0.0000000E+00
4.50 0.0200 0.852     c12     12   8.4799454E-03  1.9551646E-02  1.1071701E-02  5.3595519E-03  3.0351942E-03  2.4694200E-01
4.50 0.0200 0.852     c13     13   2.8020347E-04  4.1345286E-04  1.3324937E-04  1.1333686E-04  3.6528963E-05  4.9173382E-01
4.50 0.0200 0.852     c14     14   3.5271185E-08  3.5271185E-08  0.0000000E+00  9.6686366E-09  0.0000000E+00  0.0000000E+00
4.50 0.0200 0.852     n13     13   0.0000000E+00  0.0000000E+00  0.0000000E+00  0.0000000E+00  0.0000000E+00  0.0000000E+00
4.50 0.0200 0.852     n14     14   6.4264680E-03  1.0460553E-02  4.0340847E-03  2.8674761E-03  1.1059034E-03  4.1378263E-01
4.50 0.0200 0.852     n15     15  -1.5236967E-05  6.9445889E-07  1.5931426E-05  1.9036702E-07  4.3674390E-06 -1.3606352E+00
4.50 0.0200 0.852     o14     14   0.0000000E+00  0.0000000E+00  0.0000000E+00  0.0000000E+00  0.0000000E+00  0.0000000E+00
4.50 0.0200 0.852     o15     15   0.0000000E+00  0.0000000E+00  0.0000000E+00  0.0000000E+00  0.0000000E+00  0.0000000E+00
4.50 0.0200 0.852     o16     16  -2.3379698E-03  3.2698974E-02  3.5036944E-02  8.9635346E-03  9.6050221E-03 -3.0019084E-02
4.50 0.0200 0.852     o17     17   4.3292537E-05  5.7486985E-05  1.4194449E-05  1.5758493E-05  3.8912640E-06  6.0742402E-01
4.50 0.0200 0.852     o18     18  -2.5695430E-05  5.3434786E-05  7.9130215E-05  1.4647693E-05  2.1692746E-05 -1.7054531E-01
4.50 0.0200 0.852     o19     19   0.0000000E+00  0.0000000E+00  0.0000000E+00  0.0000000E+00  0.0000000E+00  0.0000000E+00
4.50 0.0200 0.852     f17     17   0.0000000E+00  0.0000000E+00  0.0000000E+00  0.0000000E+00  0.0000000E+00  0.0000000E+00
4.50 0.0200 0.852     f18     18   0.0000000E+00  0.0000000E+00  0.0000000E+00  0.0000000E+00  0.0000000E+00  0.0000000E+00
4.50 0.0200 0.852     f19     19   1.9428794E-06  3.4222649E-06  1.4793853E-06  9.3812082E-07  4.0555850E-07  3.6420524E-01
4.50 0.0200 0.852     f20     20   0.0000000E+00  0.0000000E+00  0.0000000E+00  0.0000000E+00  0.0000000E+00  0.0000000E+00
4.50 0.0200 0.852    ne19     19   0.0000000E+00  0.0000000E+00  0.0000000E+00  0.0000000E+00  0.0000000E+00  0.0000000E+00
4.50 0.0200 0.852    ne20     20  -4.4759363E-06  5.9096767E-03  5.9141526E-03  1.6199772E-03  1.6213050E-03 -3.5581892E-04
4.50 0.0200 0.852    ne21     21   3.7716272E-06  1.8845958E-05  1.5074331E-05  5.1661068E-06  4.1324747E-06  9.6953169E-02
4.50 0.0200 0.852    ne22     22   9.8975888E-04  1.4653793E-03  4.7562041E-04  4.0169386E-04  1.3038651E-04  4.8866251E-01
4.50 0.0200 0.852    ne23     23   0.0000000E+00  0.0000000E+00  0.0000000E+00  0.0000000E+00  0.0000000E+00  0.0000000E+00
4.50 0.0200 0.852    na21     21   0.0000000E+00  0.0000000E+00  0.0000000E+00  0.0000000E+00  0.0000000E+00  0.0000000E+00
4.50 0.0200 0.852    na22     22   2.5108379E-14  2.5108379E-14  0.0000000E+00  6.8827792E-15  0.0000000E+00  0.0000000E+00
4.50 0.0200 0.852    na23     23   6.6935623E-05  1.8891699E-04  1.2198137E-04  5.1786457E-05  3.3439956E-05  1.8995051E-01
4.50 0.0200 0.852    na24     24   0.0000000E+00  0.0000000E+00  0.0000000E+00  0.0000000E+00  0.0000000E+00  0.0000000E+00
4.50 0.0200 0.852    mg23     23   0.0000000E+00  0.0000000E+00  0.0000000E+00  0.0000000E+00  0.0000000E+00  0.0000000E+00
4.50 0.0200 0.852    mg24     24  -2.1691434E-05  1.8592752E-03  1.8809666E-03  5.0966971E-04  5.1564793E-04 -5.0644428E-03
4.50 0.0200 0.852    mg25     25   5.9731421E-05  3.0693348E-04  2.4720206E-04  8.4137464E-05  6.7767927E-05  9.3965210E-02
4.50 0.0200 0.852    mg26     26   9.5649593E-05  3.7919972E-04  2.8355012E-04  1.0394729E-04  7.7732388E-05  1.2621117E-01
4.50 0.0200 0.852    mg27     27   0.0000000E+00  0.0000000E+00  0.0000000E+00  0.0000000E+00  0.0000000E+00  0.0000000E+00
4.50 0.0200 0.852    al25     25   0.0000000E+00  0.0000000E+00  0.0000000E+00  0.0000000E+00  0.0000000E+00  0.0000000E+00
4.50 0.0200 0.852    al26     26   4.3342888E-07  4.3342888E-07  0.0000000E+00  1.1881274E-07  0.0000000E+00  0.0000000E+00
4.50 0.0200 0.852    al26     26   0.0000000E+00  0.0000000E+00  0.0000000E+00  0.0000000E+00  0.0000000E+00  0.0000000E+00
4.50 0.0200 0.852    al27     27   1.1433862E-05  2.2355531E-04  2.1212145E-04  6.1281607E-05  5.8150938E-05  2.2773419E-02
4.50 0.0200 0.852    al28     28   0.0000000E+00  0.0000000E+00  0.0000000E+00  0.0000000E+00  0.0000000E+00  0.0000000E+00
4.50 0.0200 0.852    si27     27   0.0000000E+00  0.0000000E+00  0.0000000E+00  0.0000000E+00  0.0000000E+00  0.0000000E+00
4.50 0.0200 0.852    si28     28   2.0680018E-06  2.3885430E-03  2.3864750E-03  6.5475411E-04  6.5422792E-04  3.4916485E-04
4.50 0.0200 0.852    si29     29   1.5004625E-06  1.2670069E-04  1.2520023E-04  3.4731547E-05  3.4322369E-05  5.1468853E-03
4.50 0.0200 0.852    si30     30   3.3774704E-06  8.9337947E-05  8.5960477E-05  2.4489569E-05  2.3565191E-05  1.6710175E-02
4.50 0.0200 0.852    si31     31   0.0000000E+00  0.0000000E+00  0.0000000E+00  0.0000000E+00  0.0000000E+00  0.0000000E+00
4.50 0.0200 0.852    si32     32   2.1223813E-12  2.1223813E-12  0.0000000E+00  5.8179313E-13  0.0000000E+00  0.0000000E+00
4.50 0.0200 0.852    si33     33   0.0000000E+00  0.0000000E+00  0.0000000E+00  0.0000000E+00  0.0000000E+00  0.0000000E+00
4.50 0.0200 0.852     p29     29   0.0000000E+00  0.0000000E+00  0.0000000E+00  0.0000000E+00  0.0000000E+00  0.0000000E+00
4.50 0.0200 0.852     p30     30   0.0000000E+00  0.0000000E+00  0.0000000E+00  0.0000000E+00  0.0000000E+00  0.0000000E+00
4.50 0.0200 0.852     p31     31   4.3251021E-07  3.0236573E-05  2.9804063E-05  8.2885344E-06  8.1704811E-06  6.2301164E-03
4.50 0.0200 0.852     p32     32   5.4180335E-16  5.4180335E-16  0.0000000E+00  1.4852066E-16  0.0000000E+00  0.0000000E+00
4.50 0.0200 0.852     p33     33   2.6094121E-29  2.6094121E-29  0.0000000E+00  7.1529933E-30  0.0000000E+00  0.0000000E+00
4.50 0.0200 0.852     p34     34   0.0000000E+00  0.0000000E+00  0.0000000E+00  0.0000000E+00  0.0000000E+00  0.0000000E+00
4.50 0.0200 0.852     s32     32  -2.8749928E-06  1.4437303E-03  1.4466053E-03  3.9575942E-04  3.9657217E-04 -8.9097646E-04
4.50 0.0200 0.852     s33     33   1.7591083E-07  1.1951463E-05  1.1775552E-05  3.2761684E-06  3.2281480E-06  6.4127822E-03
4.50 0.0200 0.852     s34     34   8.6438376E-08  6.8288005E-04  6.8279362E-04  1.8719300E-04  1.8718094E-04  2.8007715E-05
4.50 0.0200 0.852     s35     35   1.2477376E-07  1.2477376E-07  0.0000000E+00  3.4203335E-08  0.0000000E+00  0.0000000E+00
4.50 0.0200 0.852    fe54     54  -2.7003116E-06  2.5793840E-04  2.6063871E-04  7.0706796E-05  7.1451461E-05 -4.5499648E-03
4.50 0.0200 0.852    fe55     55   4.3256841E-07  4.3256841E-07  0.0000000E+00  1.1857687E-07  0.0000000E+00  0.0000000E+00
4.50 0.0200 0.852    fe56     56  -2.4126377E-05  4.2494647E-03  4.2735911E-03  1.1648752E-03  1.1715617E-03 -2.4857332E-03
4.50 0.0200 0.852    fe57     57   6.5229033E-06  1.1089440E-04  1.0437149E-04  3.0398684E-05  2.8612385E-05  2.6300725E-02
4.50 0.0200 0.852    fe58     58   1.3593409E-05  2.7108850E-05  1.3515441E-05  7.4311542E-06  3.7051209E-06  3.0225393E-01
4.50 0.0200 0.852    fe59     59   1.5983650E-30  1.5983650E-30  0.0000000E+00  4.3814831E-31  0.0000000E+00  0.0000000E+00
4.50 0.0200 0.852    fe60     60   1.3121596E-06  1.3121596E-06  0.0000000E+00  3.5969288E-07  0.0000000E+00  0.0000000E+00
4.50 0.0200 0.852    fe61     61   0.0000000E+00  0.0000000E+00  0.0000000E+00  0.0000000E+00  0.0000000E+00  0.0000000E+00
4.50 0.0200 0.852    co59     59   3.3257884E-06  1.5601703E-05  1.2275915E-05  4.2767829E-06  3.3653175E-06  1.0409114E-01
4.50 0.0200 0.852    co60     60   5.1347867E-12  5.1347867E-12  0.0000000E+00  1.4075621E-12  0.0000000E+00  0.0000000E+00
4.50 0.0200 0.852    co61     61   0.0000000E+00  0.0000000E+00  0.0000000E+00  0.0000000E+00  0.0000000E+00  0.0000000E+00
4.50 0.0200 0.852    ni58     58  -1.9584986E-06  1.7877755E-04  1.8073605E-04  4.9007005E-05  4.9546954E-05 -4.7587869E-03
4.50 0.0200 0.852    ni59     59   1.0901834E-07  1.0901834E-07  0.0000000E+00  2.9884415E-08  0.0000000E+00  0.0000000E+00
4.50 0.0200 0.852    ni60     60   9.2805567E-07  7.2508286E-05  7.1580231E-05  1.9876175E-05  1.9622994E-05  5.5675399E-03
4.50 0.0200 0.852    ni61     61   1.4186970E-05  1.7328575E-05  3.1416048E-06  4.7501576E-06  8.6123907E-07  7.4158430E-01
4.50 0.0200 0.852    ni62     62  -1.0136855E-05  1.1626532E-08  1.0148482E-05  3.1870975E-09  2.7821034E-06 -2.9409778E+00